GROUP,PACKAGE,CLASS,INSTRUCTION_MISSED,INSTRUCTION_COVERED,BRANCH_MISSED,BRANCH_COVERED,LINE_MISSED,LINE_COVERED,COMPLEXITY_MISSED,COMPLEXITY_COVERED,METHOD_MISSED,METHOD_COVERED
Prometheus Core Application Framework,io.github.tonywasher.joceanus.prometheus.views,PrometheusViewerEntryId,94,0,12,0,24,0,13,0,3,0
Prometheus Core Application Framework,io.github.tonywasher.joceanus.prometheus.views,PrometheusUIEvent,57,0,0,0,10,0,1,0,1,0
Prometheus Core Application Framework,io.github.tonywasher.joceanus.prometheus.views,PrometheusEditEntry,191,0,28,0,72,0,28,0,10,0
Prometheus Core Application Framework,io.github.tonywasher.joceanus.prometheus.views,PrometheusDataEvent,51,0,0,0,9,0,1,0,1,0
Prometheus Core Application Framework,io.github.tonywasher.joceanus.prometheus.views,PrometheusDataControl,310,0,2,0,79,0,27,0,26,0
Prometheus Core Application Framework,io.github.tonywasher.joceanus.prometheus.views,PrometheusEditSet,701,0,70,0,206,0,71,0,34,0
Prometheus Core Application Framework,io.github.tonywasher.joceanus.prometheus.views,PrometheusViewResource,74,0,2,0,16,0,6,0,5,0
Prometheus Core Application Framework,io.github.tonywasher.joceanus.prometheus.database,PrometheusColumnDefinition.PrometheusReferenceColumn,270,0,12,0,69,0,12,0,6,0
Prometheus Core Application Framework,io.github.tonywasher.joceanus.prometheus.database,PrometheusColumnDefinition.PrometheusDateColumn,56,0,4,0,18,0,8,0,6,0
Prometheus Core Application Framework,io.github.tonywasher.joceanus.prometheus.database,PrometheusColumnDefinition.PrometheusBinaryColumn,56,0,2,0,18,0,7,0,6,0
Prometheus Core Application Framework,io.github.tonywasher.joceanus.prometheus.database,PrometheusTableDataItem,724,0,62,0,234,0,62,0,31,0
Prometheus Core Application Framework,io.github.tonywasher.joceanus.prometheus.database,PrometheusTableControlKeySet,75,0,4,0,20,0,7,0,5,0
Prometheus Core Application Framework,io.github.tonywasher.joceanus.prometheus.database,PrometheusColumnDefinition.PrometheusLongColumn,53,0,4,0,17,0,8,0,6,0
Prometheus Core Application Framework,io.github.tonywasher.joceanus.prometheus.database,PrometheusTableDataInfo,84,0,4,0,19,0,6,0,3,0
Prometheus Core Application Framework,io.github.tonywasher.joceanus.prometheus.database,PrometheusColumnDefinition.PrometheusMoneyColumn,61,0,4,0,19,0,7,0,5,0
Prometheus Core Application Framework,io.github.tonywasher.joceanus.prometheus.database,PrometheusTableControlKeys,74,0,4,0,20,0,7,0,5,0
Prometheus Core Application Framework,io.github.tonywasher.joceanus.prometheus.database,PrometheusBatchControl,96,0,12,0,25,0,12,0,6,0
Prometheus Core Application Framework,io.github.tonywasher.joceanus.prometheus.database,PrometheusColumnDefinition.PrometheusIdColumn,10,0,0,0,4,0,2,0,2,0
Prometheus Core Application Framework,io.github.tonywasher.joceanus.prometheus.database,PrometheusColumnDefinition.PrometheusRateColumn,81,0,4,0,24,0,7,0,5,0
Prometheus Core Application Framework,io.github.tonywasher.joceanus.prometheus.database,PrometheusDBResource,130,0,2,0,24,0,6,0,5,0
Prometheus Core Application Framework,io.github.tonywasher.joceanus.prometheus.database,PrometheusColumnDefinition.PrometheusIntegerColumn,53,0,4,0,17,0,8,0,6,0
Prometheus Core Application Framework,io.github.tonywasher.joceanus.prometheus.database,PrometheusTableControlData,74,0,4,0,20,0,7,0,5,0
Prometheus Core Application Framework,io.github.tonywasher.joceanus.prometheus.database,PrometheusColumnDefinition.PrometheusSortOrder,15,0,0,0,3,0,1,0,1,0
Prometheus Core Application Framework,io.github.tonywasher.joceanus.prometheus.database,PrometheusJDBCDriver,275,0,66,0,89,0,55,0,13,0
Prometheus Core Application Framework,io.github.tonywasher.joceanus.prometheus.database,PrometheusTableDataKeySet,75,0,4,0,20,0,7,0,5,0
Prometheus Core Application Framework,io.github.tonywasher.joceanus.prometheus.database,PrometheusDatabase.PrometheusDatabasePreferenceKey,85,0,0,0,15,0,4,0,4,0
Prometheus Core Application Framework,io.github.tonywasher.joceanus.prometheus.database,PrometheusColumnDefinition.PrometheusPriceColumn,81,0,4,0,24,0,7,0,5,0
Prometheus Core Application Framework,io.github.tonywasher.joceanus.prometheus.database,PrometheusColumnDefinition,109,0,2,0,37,0,17,0,16,0
Prometheus Core Application Framework,io.github.tonywasher.joceanus.prometheus.database,PrometheusColumnDefinition.PrometheusShortColumn,53,0,4,0,17,0,8,0,6,0
Prometheus Core Application Framework,io.github.tonywasher.joceanus.prometheus.database,PrometheusBatchControl.PrometheusBatchTable,103,0,20,0,29,0,14,0,4,0
Prometheus Core Application Framework,io.github.tonywasher.joceanus.prometheus.database,PrometheusColumnDefinition.PrometheusBooleanColumn,53,0,4,0,17,0,8,0,6,0
Prometheus Core Application Framework,io.github.tonywasher.joceanus.prometheus.database,PrometheusTableDefinition,1650,0,128,0,418,0,133,0,69,0
Prometheus Core Application Framework,io.github.tonywasher.joceanus.prometheus.database,PrometheusTableStaticData,103,0,5,0,23,0,7,0,3,0
Prometheus Core Application Framework,io.github.tonywasher.joceanus.prometheus.database,PrometheusDatabase.PrometheusDatabasePreferences,186,0,26,0,49,0,17,0,4,0
Prometheus Core Application Framework,io.github.tonywasher.joceanus.prometheus.database,PrometheusTableEncrypted,46,0,2,0,13,0,4,0,3,0
Prometheus Core Application Framework,io.github.tonywasher.joceanus.prometheus.database,PrometheusDBConfig,228,0,4,0,74,0,24,0,22,0
Prometheus Core Application Framework,io.github.tonywasher.joceanus.prometheus.database,PrometheusDataStore,636,0,35,0,168,0,35,0,16,0
Prometheus Core Application Framework,io.github.tonywasher.joceanus.prometheus.database,PrometheusColumnDefinition.PrometheusUnitsColumn,81,0,4,0,24,0,7,0,5,0
Prometheus Core Application Framework,io.github.tonywasher.joceanus.prometheus.database,PrometheusColumnDefinition.PrometheusStringColumn,60,0,2,0,19,0,7,0,6,0
Prometheus Core Application Framework,io.github.tonywasher.joceanus.prometheus.database,PrometheusColumnDefinition.PrometheusRatioColumn,81,0,4,0,24,0,7,0,5,0
Prometheus Core Application Framework,io.github.tonywasher.joceanus.prometheus.maps,PrometheusMapsFieldInstance,143,0,8,0,41,0,19,0,15,0
Prometheus Core Application Framework,io.github.tonywasher.joceanus.prometheus.maps,PrometheusMapsInstanceElement.PrometheusMapsInstanceElementItem,36,0,0,0,13,0,6,0,6,0
Prometheus Core Application Framework,io.github.tonywasher.joceanus.prometheus.maps,PrometheusMapsDataSetTouch,75,0,4,0,20,0,10,0,8,0
Prometheus Core Application Framework,io.github.tonywasher.joceanus.prometheus.maps,PrometheusMapsListInstance,275,0,32,0,56,0,35,0,19,0
Prometheus Core Application Framework,io.github.tonywasher.joceanus.prometheus.maps,PrometheusMapsInstanceElement.PrometheusMapsInstanceElementList,32,0,0,0,11,0,5,0,5,0
Prometheus Core Application Framework,io.github.tonywasher.joceanus.prometheus.maps,PrometheusMapsInstanceCtl,148,0,6,0,35,0,21,0,18,0
Prometheus Core Application Framework,io.github.tonywasher.joceanus.prometheus.maps,PrometheusMapsResource,94,0,2,0,20,0,8,0,7,0
Prometheus Core Application Framework,io.github.tonywasher.joceanus.prometheus.maps,PrometheusMapsListTouch,90,0,4,0,23,0,13,0,11,0
Prometheus Core Application Framework,io.github.tonywasher.joceanus.prometheus.maps,PrometheusMapsItemId,79,0,6,0,19,0,11,0,8,0
Prometheus Core Application Framework,io.github.tonywasher.joceanus.prometheus.maps,PrometheusMapsDataSetInstance,191,0,16,0,43,0,24,0,16,0
Prometheus Core Application Framework,io.github.tonywasher.joceanus.prometheus.maps,PrometheusMapsItemTouch,83,0,2,0,23,0,11,0,10,0
Prometheus Core Application Framework,io.github.tonywasher.joceanus.prometheus.maps,PrometheusMapsBaseInstance,99,0,8,0,25,0,14,0,10,0
Prometheus Core Application Framework,io.github.tonywasher.joceanus.prometheus.maps,PrometheusMapsCtl,240,0,22,0,72,0,29,0,18,0
Prometheus Core Application Framework,io.github.tonywasher.joceanus.prometheus.maps,PrometheusMapsTouchCtl,96,0,4,0,23,0,14,0,12,0
Prometheus Core Application Framework,io.github.tonywasher.joceanus.prometheus.maps,PrometheusMapsDateInstance,173,0,6,0,46,0,17,0,14,0
Prometheus Core Application Framework,io.github.tonywasher.joceanus.prometheus.exc,PrometheusIOException,5,0,0,0,2,0,1,0,1,0
Prometheus Core Application Framework,io.github.tonywasher.joceanus.prometheus.exc,PrometheusSecurityException,4,0,0,0,2,0,1,0,1,0
Prometheus Core Application Framework,io.github.tonywasher.joceanus.prometheus.exc,PrometheusLogicException,9,0,0,0,4,0,2,0,2,0
Prometheus Core Application Framework,io.github.tonywasher.joceanus.prometheus.exc,PrometheusCancelException,4,0,0,0,2,0,1,0,1,0
Prometheus Core Application Framework,io.github.tonywasher.joceanus.prometheus.exc,PrometheusDataException,16,4,0,0,6,2,3,1,3,1
Prometheus Core Application Framework,io.github.tonywasher.joceanus.prometheus.validate,PrometheusValidateStatic,82,0,18,0,25,0,11,0,2,0
Prometheus Core Application Framework,io.github.tonywasher.joceanus.prometheus.validate,PrometheusValidateInfo,40,0,8,0,15,0,6,0,2,0
Prometheus Core Application Framework,io.github.tonywasher.joceanus.prometheus.validate,PrometheusValidateBasic,13,0,2,0,6,0,3,0,2,0
Prometheus Core Application Framework,io.github.tonywasher.joceanus.prometheus.validate,PrometheusValidateInfoSet,159,0,27,0,51,0,25,0,11,0
Prometheus Core Application Framework,io.github.tonywasher.joceanus.prometheus.ui,PrometheusItemEditActions,190,0,6,0,39,0,11,0,8,0
Prometheus Core Application Framework,io.github.tonywasher.joceanus.prometheus.ui,PrometheusGoToEvent,20,0,0,0,7,0,4,0,4,0
Prometheus Core Application Framework,io.github.tonywasher.joceanus.prometheus.ui,PrometheusUIResource,256,0,2,0,42,0,6,0,5,0
Prometheus Core Application Framework,io.github.tonywasher.joceanus.prometheus.ui,PrometheusActionButtons,200,0,12,0,49,0,16,0,9,0
Prometheus Core Application Framework,io.github.tonywasher.joceanus.prometheus.ui,PrometheusIcon,68,0,0,0,18,0,6,0,6,0
Prometheus Core Application Framework,io.github.tonywasher.joceanus.prometheus.ui,PrometheusMenuId,85,0,0,0,15,0,3,0,3,0
Prometheus Core Application Framework,io.github.tonywasher.joceanus.prometheus.ui,PrometheusItemActions,162,0,2,0,32,0,9,0,8,0
Prometheus Core Application Framework,io.github.tonywasher.joceanus.prometheus.security,PrometheusSecurityResource,0,53,1,1,0,13,1,5,0,5
Prometheus Core Application Framework,io.github.tonywasher.joceanus.prometheus.security,PrometheusSecurityGenerator,66,0,0,0,14,0,7,0,7,0
Prometheus Core Application Framework,io.github.tonywasher.joceanus.prometheus.security,PrometheusSecurityDefaultDialog,57,0,2,0,20,0,8,0,7,0
Prometheus Core Application Framework,io.github.tonywasher.joceanus.prometheus.security,PrometheusSecurityPasswordManager,265,277,17,12,70,62,28,22,17,18
Prometheus Core Application Framework,io.github.tonywasher.joceanus.prometheus.security,PrometheusSecurityPasswordCache,253,405,38,30,69,103,32,20,5,13
Prometheus Core Application Framework,io.github.tonywasher.joceanus.prometheus.security,PrometheusSecurityPasswordManager.PrometheusPassCheck,4,137,3,13,2,28,3,10,0,5
Prometheus Core Application Framework,io.github.tonywasher.joceanus.prometheus.security,PrometheusSecurityPasswordCache.PrometheusLockCache,0,15,0,0,0,6,0,3,0,3
Prometheus Core Application Framework,io.github.tonywasher.joceanus.prometheus.sheets,PrometheusSheetReader,259,0,15,0,69,0,20,0,11,0
Prometheus Core Application Framework,io.github.tonywasher.joceanus.prometheus.sheets,PrometheusSheetDataInfo,50,0,0,0,13,0,4,0,4,0
Prometheus Core Application Framework,io.github.tonywasher.joceanus.prometheus.sheets,PrometheusSheetEncrypted,26,0,0,0,8,0,3,0,3,0
Prometheus Core Application Framework,io.github.tonywasher.joceanus.prometheus.sheets,PrometheusSheetDataItem,644,0,50,0,184,0,72,0,47,0
Prometheus Core Application Framework,io.github.tonywasher.joceanus.prometheus.sheets,PrometheusSheetControlKey,50,0,0,0,14,0,5,0,5,0
Prometheus Core Application Framework,io.github.tonywasher.joceanus.prometheus.sheets,PrometheusSheetControlKeySet,50,0,0,0,14,0,5,0,5,0
Prometheus Core Application Framework,io.github.tonywasher.joceanus.prometheus.sheets,PrometheusSheetStaticData,62,0,0,0,15,0,4,0,4,0
Prometheus Core Application Framework,io.github.tonywasher.joceanus.prometheus.sheets,PrometheusSheetDataKeySet,50,0,0,0,14,0,5,0,5,0
Prometheus Core Application Framework,io.github.tonywasher.joceanus.prometheus.sheets,PrometheusSheetWriter,258,0,11,0,69,0,19,0,12,0
Prometheus Core Application Framework,io.github.tonywasher.joceanus.prometheus.sheets,PrometheusSheetControlData,50,0,0,0,14,0,5,0,5,0
Prometheus Core Application Framework,io.github.tonywasher.joceanus.prometheus.sheets,PrometheusSpreadSheet,44,0,0,0,14,0,5,0,5,0
Prometheus Core Application Framework,io.github.tonywasher.joceanus.prometheus.ui.fieldset,PrometheusFieldSetPanel,1,0,0,0,1,0,1,0,1,0
Prometheus Core Application Framework,io.github.tonywasher.joceanus.prometheus.ui.fieldset,PrometheusFieldSetTabs,98,0,4,0,24,0,7,0,5,0
Prometheus Core Application Framework,io.github.tonywasher.joceanus.prometheus.ui.fieldset,PrometheusFieldSetTextArea,121,0,2,0,35,0,12,0,11,0
Prometheus Core Application Framework,io.github.tonywasher.joceanus.prometheus.ui.fieldset,PrometheusFieldSetEvent,27,0,0,0,9,0,4,0,4,0
Prometheus Core Application Framework,io.github.tonywasher.joceanus.prometheus.ui.fieldset,PrometheusFieldSetTableTab,37,0,0,0,15,0,9,0,9,0
Prometheus Core Application Framework,io.github.tonywasher.joceanus.prometheus.ui.fieldset,PrometheusFieldSetFields,265,0,18,0,63,0,21,0,12,0
Prometheus Core Application Framework,io.github.tonywasher.joceanus.prometheus.ui.fieldset,PrometheusFieldSet,374,0,24,0,92,0,31,0,19,0
Prometheus Core Application Framework,io.github.tonywasher.joceanus.prometheus.ui.fieldset,PrometheusFieldSetElement,119,0,2,0,35,0,14,0,13,0
Prometheus Core Application Framework,io.github.tonywasher.joceanus.prometheus.threads,PrometheusThreadStoreDatabase,63,0,2,0,18,0,4,0,3,0
Prometheus Core Application Framework,io.github.tonywasher.joceanus.prometheus.threads,PrometheusThreadPurgeDatabase,43,0,0,0,14,0,3,0,3,0
Prometheus Core Application Framework,io.github.tonywasher.joceanus.prometheus.threads,PrometheusThreadCreateTables,43,0,0,0,14,0,3,0,3,0
Prometheus Core Application Framework,io.github.tonywasher.joceanus.prometheus.threads,PrometheusThreadLoadBackup,113,0,4,0,33,0,7,0,5,0
Prometheus Core Application Framework,io.github.tonywasher.joceanus.prometheus.threads,PrometheusThreadLoadXMLFile,118,0,4,0,34,0,7,0,5,0
Prometheus Core Application Framework,io.github.tonywasher.joceanus.prometheus.threads,PrometheusThreadResource,123,0,2,0,23,0,6,0,5,0
Prometheus Core Application Framework,io.github.tonywasher.joceanus.prometheus.threads,PrometheusThreadCreateXMLFile,193,0,18,0,53,0,12,0,3,0
Prometheus Core Application Framework,io.github.tonywasher.joceanus.prometheus.threads,PrometheusThreadRenewSecurity,32,0,0,0,12,0,4,0,4,0
Prometheus Core Application Framework,io.github.tonywasher.joceanus.prometheus.threads,PrometheusThreadId,99,0,0,0,17,0,3,0,3,0
Prometheus Core Application Framework,io.github.tonywasher.joceanus.prometheus.threads,PrometheusThreadLoadDatabase,44,0,2,0,15,0,5,0,4,0
Prometheus Core Application Framework,io.github.tonywasher.joceanus.prometheus.threads,PrometheusThreadUpdatePassword,33,0,0,0,12,0,4,0,4,0
Prometheus Core Application Framework,io.github.tonywasher.joceanus.prometheus.threads,PrometheusThreadCreateDatabase,31,0,0,0,10,0,3,0,3,0
Prometheus Core Application Framework,io.github.tonywasher.joceanus.prometheus.threads,PrometheusThreadCreateBackup,166,0,10,0,44,0,8,0,3,0
Prometheus Core Application Framework,io.github.tonywasher.joceanus.prometheus.ui.panel,PrometheusDataItemPanel,621,0,42,0,148,0,67,0,46,0
Prometheus Core Application Framework,io.github.tonywasher.joceanus.prometheus.ui.panel,PrometheusMainWindow,714,0,44,0,163,0,76,0,54,0
Prometheus Core Application Framework,io.github.tonywasher.joceanus.prometheus.data,PrometheusControlKeySet.PrometheusControlKeySetList,153,0,4,0,43,0,19,0,17,0
Prometheus Core Application Framework,io.github.tonywasher.joceanus.prometheus.data,PrometheusDataValues.PrometheusInfoItem,115,0,12,0,31,0,15,0,9,0
Prometheus Core Application Framework,io.github.tonywasher.joceanus.prometheus.data,PrometheusTableItem.PrometheusTableList,13,0,0,0,3,0,3,0,3,0
Prometheus Core Application Framework,io.github.tonywasher.joceanus.prometheus.data,PrometheusDataKeySet.PrometheusDataKeySetList,133,0,4,0,37,0,19,0,17,0
Prometheus Core Application Framework,io.github.tonywasher.joceanus.prometheus.data,PrometheusListStyle,39,0,0,0,7,0,1,0,1,0
Prometheus Core Application Framework,io.github.tonywasher.joceanus.prometheus.data,PrometheusDataInfoLinkSet,533,0,82,0,181,0,73,0,32,0
Prometheus Core Application Framework,io.github.tonywasher.joceanus.prometheus.data,PrometheusStaticDataItem,659,0,59,0,155,0,70,0,40,0
Prometheus Core Application Framework,io.github.tonywasher.joceanus.prometheus.data,PrometheusEncryptedFieldSet,126,0,0,0,24,0,17,0,17,0
Prometheus Core Application Framework,io.github.tonywasher.joceanus.prometheus.data,PrometheusEncryptor.PrometheusBooleanEncryptor,11,0,0,0,3,0,2,0,2,0
Prometheus Core Application Framework,io.github.tonywasher.joceanus.prometheus.data,PrometheusEncryptedField,22,0,2,0,6,0,3,0,2,0
Prometheus Core Application Framework,io.github.tonywasher.joceanus.prometheus.data,PrometheusStaticDataItem.PrometheusStaticList,145,0,16,0,34,0,19,0,11,0
Prometheus Core Application Framework,io.github.tonywasher.joceanus.prometheus.data,PrometheusEncryptedPair,159,0,24,0,40,0,22,0,10,0
Prometheus Core Application Framework,io.github.tonywasher.joceanus.prometheus.data,PrometheusDataValues,619,0,78,0,154,0,58,0,19,0
Prometheus Core Application Framework,io.github.tonywasher.joceanus.prometheus.data,PrometheusDataTouch.PrometheusTouchCounter,26,0,0,0,9,0,5,0,5,0
Prometheus Core Application Framework,io.github.tonywasher.joceanus.prometheus.data,PrometheusDataTouch,78,0,6,0,21,0,14,0,11,0
Prometheus Core Application Framework,io.github.tonywasher.joceanus.prometheus.data,PrometheusDataGroup,39,0,0,0,12,0,6,0,6,0
Prometheus Core Application Framework,io.github.tonywasher.joceanus.prometheus.data,PrometheusEncryptor.PrometheusDecimalEncryptor,4,0,0,0,1,0,1,0,1,0
Prometheus Core Application Framework,io.github.tonywasher.joceanus.prometheus.data,PrometheusDataInfoItem,943,0,108,0,267,0,107,0,48,0
Prometheus Core Application Framework,io.github.tonywasher.joceanus.prometheus.data,PrometheusDataInfoItem.PrometheusDataInfoList,22,0,0,0,9,0,6,0,6,0
Prometheus Core Application Framework,io.github.tonywasher.joceanus.prometheus.data,PrometheusEncryptor.PrometheusPriceEncryptor,5,0,0,0,1,0,1,0,1,0
Prometheus Core Application Framework,io.github.tonywasher.joceanus.prometheus.data,PrometheusEncryptor.PrometheusIntegerEncryptor,9,0,0,0,2,0,2,0,2,0
Prometheus Core Application Framework,io.github.tonywasher.joceanus.prometheus.data,PrometheusDataInfoSet,941,0,148,0,265,0,110,0,36,0
Prometheus Core Application Framework,io.github.tonywasher.joceanus.prometheus.data,PrometheusEncryptedDataItem.PrometheusEncryptedList,150,0,12,0,48,0,15,0,9,0
Prometheus Core Application Framework,io.github.tonywasher.joceanus.prometheus.data,PrometheusControlKeySet,340,0,18,0,94,0,32,0,23,0
Prometheus Core Application Framework,io.github.tonywasher.joceanus.prometheus.data,PrometheusControlData.PrometheusControlDataList,129,0,6,0,38,0,21,0,18,0
Prometheus Core Application Framework,io.github.tonywasher.joceanus.prometheus.data,PrometheusDataInstanceMap,101,0,4,0,25,0,13,0,11,0
Prometheus Core Application Framework,io.github.tonywasher.joceanus.prometheus.data,PrometheusStaticDataItem.PrometheusStaticDataMap,91,0,2,0,25,0,12,0,11,0
Prometheus Core Application Framework,io.github.tonywasher.joceanus.prometheus.data,PrometheusControlKey.ControlKeySetCache,105,0,14,0,34,0,16,0,9,0
Prometheus Core Application Framework,io.github.tonywasher.joceanus.prometheus.data,PrometheusDataSet,829,0,75,0,244,0,85,0,46,0
Prometheus Core Application Framework,io.github.tonywasher.joceanus.prometheus.data,PrometheusControlKey,361,0,12,0,97,0,28,0,22,0
Prometheus Core Application Framework,io.github.tonywasher.joceanus.prometheus.data,PrometheusControlKeySet.DataKeySetCache,104,0,14,0,34,0,16,0,9,0
Prometheus Core Application Framework,io.github.tonywasher.joceanus.prometheus.data,PrometheusEncryptor.PrometheusDateEncryptor,18,0,0,0,4,0,2,0,2,0
Prometheus Core Application Framework,io.github.tonywasher.joceanus.prometheus.data,PrometheusTableItem,2,0,0,0,1,0,1,0,1,0
Prometheus Core Application Framework,io.github.tonywasher.joceanus.prometheus.data,PrometheusEncryptor.PrometheusShortEncryptor,9,0,0,0,2,0,2,0,2,0
Prometheus Core Application Framework,io.github.tonywasher.joceanus.prometheus.data,PrometheusEncryptor.PrometheusRatioEncryptor,5,0,0,0,1,0,1,0,1,0
Prometheus Core Application Framework,io.github.tonywasher.joceanus.prometheus.data,PrometheusDataResource,682,0,2,0,104,0,8,0,7,0
Prometheus Core Application Framework,io.github.tonywasher.joceanus.prometheus.data,PrometheusDataList,797,0,105,0,261,0,103,0,50,0
Prometheus Core Application Framework,io.github.tonywasher.joceanus.prometheus.data,PrometheusControlKey.PrometheusControlKeyList,227,0,10,0,66,0,27,0,22,0
Prometheus Core Application Framework,io.github.tonywasher.joceanus.prometheus.data,PrometheusEncryptor.PrometheusLongEncryptor,9,0,0,0,2,0,2,0,2,0
Prometheus Core Application Framework,io.github.tonywasher.joceanus.prometheus.data,PrometheusDataKeySet,305,0,14,0,84,0,28,0,21,0
Prometheus Core Application Framework,io.github.tonywasher.joceanus.prometheus.data,PrometheusEncryptor,456,0,72,0,121,0,48,0,12,0
Prometheus Core Application Framework,io.github.tonywasher.joceanus.prometheus.data,PrometheusDataInfoLinkSet.PrometheusInfoSetValueList,46,0,4,0,16,0,6,0,4,0
Prometheus Core Application Framework,io.github.tonywasher.joceanus.prometheus.data,PrometheusEncryptedDataItem,244,0,18,0,76,0,33,0,24,0
Prometheus Core Application Framework,io.github.tonywasher.joceanus.prometheus.data,PrometheusControlData,156,0,10,0,45,0,20,0,15,0
Prometheus Core Application Framework,io.github.tonywasher.joceanus.prometheus.data,PrometheusEncryptor.PrometheusUnitsEncryptor,5,0,0,0,1,0,1,0,1,0
Prometheus Core Application Framework,io.github.tonywasher.joceanus.prometheus.data,PrometheusEncryptor.PrometheusStringEncryptor,7,0,0,0,2,0,2,0,2,0
Prometheus Core Application Framework,io.github.tonywasher.joceanus.prometheus.data,PrometheusDataErrorList,44,0,2,0,14,0,7,0,6,0
Prometheus Core Application Framework,io.github.tonywasher.joceanus.prometheus.data,PrometheusEncryptor.PrometheusCharArrayEncryptor,7,0,0,0,2,0,2,0,2,0
Prometheus Core Application Framework,io.github.tonywasher.joceanus.prometheus.data,PrometheusCryptographyDataType,109,0,14,0,30,0,19,0,9,0
Prometheus Core Application Framework,io.github.tonywasher.joceanus.prometheus.data,PrometheusDataInfoSet.InfoIterator,83,0,12,0,22,0,11,0,5,0
Prometheus Core Application Framework,io.github.tonywasher.joceanus.prometheus.data,PrometheusEncryptedValues,204,0,26,0,63,0,24,0,11,0
Prometheus Core Application Framework,io.github.tonywasher.joceanus.prometheus.data,PrometheusEncryptor.PrometheusRateEncryptor,5,0,0,0,1,0,1,0,1,0
Prometheus Core Application Framework,io.github.tonywasher.joceanus.prometheus.data,PrometheusDataItem,706,0,92,0,217,0,106,0,56,0
Prometheus Core Application Framework,io.github.tonywasher.joceanus.prometheus.data,PrometheusEncryptor.PrometheusMoneyEncryptor,5,0,0,0,1,0,1,0,1,0
Prometheus Core Application Framework,io.github.tonywasher.joceanus.prometheus.data,PrometheusDataValuesFormatter,649,0,40,0,182,0,33,0,13,0
Prometheus Core Application Framework,io.github.tonywasher.joceanus.prometheus.preference,PrometheusPreferenceSecurity.PrometheusBaseSecurityPreferences,19,0,0,0,8,0,4,0,4,0
Prometheus Core Application Framework,io.github.tonywasher.joceanus.prometheus.preference,PrometheusPreferenceSetView.CharArrayPreferenceElement,100,0,2,0,23,0,4,0,3,0
Prometheus Core Application Framework,io.github.tonywasher.joceanus.prometheus.preference,PrometheusPreferenceSet.PrometheusByteArrayPreference,36,0,2,0,10,0,5,0,4,0
Prometheus Core Application Framework,io.github.tonywasher.joceanus.prometheus.preference,PrometheusPreferenceSet,116,0,10,0,30,0,15,0,10,0
Prometheus Core Application Framework,io.github.tonywasher.joceanus.prometheus.preference,PrometheusPreferenceSecurity.PrometheusSecurityPreferenceKey,73,0,2,0,15,0,5,0,4,0
Prometheus Core Application Framework,io.github.tonywasher.joceanus.prometheus.preference,PrometheusPreferenceSet.PrometheusCharArrayPreference,58,0,4,0,16,0,7,0,5,0
Prometheus Core Application Framework,io.github.tonywasher.joceanus.prometheus.preference,PrometheusPreferenceSetView,26,0,4,0,7,0,4,0,2,0
Prometheus Core Application Framework,io.github.tonywasher.joceanus.prometheus.preference,PrometheusPreferenceManager,17,0,0,0,4,0,1,0,1,0
Prometheus Core Application Framework,io.github.tonywasher.joceanus.prometheus.preference,PrometheusBackup.PrometheusBackupPreferences,101,0,12,0,30,0,10,0,4,0
Prometheus Core Application Framework,io.github.tonywasher.joceanus.prometheus.preference,PrometheusPreferenceView,22,0,2,0,5,0,3,0,2,0
Prometheus Core Application Framework,io.github.tonywasher.joceanus.prometheus.preference,PrometheusPreferenceResource,109,0,2,0,21,0,6,0,5,0
Prometheus Core Application Framework,io.github.tonywasher.joceanus.prometheus.preference,PrometheusPreferenceSecurity,126,0,4,0,36,0,7,0,5,0
Prometheus Core Application Framework,io.github.tonywasher.joceanus.prometheus.preference,PrometheusColumnType,69,0,0,0,12,0,1,0,1,0
Prometheus Core Application Framework,io.github.tonywasher.joceanus.prometheus.preference,PrometheusPreferenceType,38,0,5,0,10,0,6,0,3,0
Prometheus Core Application Framework,io.github.tonywasher.joceanus.prometheus.preference,PrometheusPreferenceParams,10,0,0,0,4,0,2,0,2,0
Prometheus Core Application Framework,io.github.tonywasher.joceanus.prometheus.preference,PrometheusPreferenceSecurity.PrometheusSecurityPreferences,163,0,16,0,44,0,15,0,7,0
Prometheus Core Application Framework,io.github.tonywasher.joceanus.prometheus.preference,PrometheusBackup.PrometheusBackupPreferenceKey,69,0,0,0,13,0,4,0,4,0
Prometheus Core Application Framework,io.github.tonywasher.joceanus.prometheus.toolkit,PrometheusToolkit,73,0,0,0,15,0,7,0,7,0
